00000000000000000000001
00000000000000000001001
00000000000000000010001
00000000000000000011001
00000000000000000100001
00000000000000000101001
00000000000000000110100
00000000000000000111010
00000000000000001000011
00000000000000001001011
00000000000000001010011
00000000000000001011011
00000000000000001100000
000000000000000000010000001
000000000000000000010001001
000000000000000000010010010
000000000000000000010101011
000000000000000000010110011
000000000000000000011000100
000000000000000000011001100
000000000000000000011010111
000000000000000000011011100
000000000000000000011100100
0000000000000000000000100000101
0000000000000000000000100001001
00000101001100101111111111111111
00000101001100110000000000001100
00000101001101000000000000001000
00000101001101011111111111111111
00000101001101101111111111111111
00000101001101111111111111111111
00000101001110001111111111111111
00000101001110011111111111111111
00000101001110101111111111111111
00000000000000000000000001000000
00000000000000000000000001000001
00000000000000000000000001000010
00000000000000000000000001000011
00000000000000000000000001000100
00000000000000000000000001000101
00000000000000000000000001000110
00000000000000000000000001000111
00000000000000000000000001001000
00000000000000000000000001001001
00000000100
00000001000
00000010101
00000011100
00000100010
000001010000100
000001010001011
000001010010001
